      0/29     9.96G    0.0724  0.009132         0   0.08153        28       640    0.1006    0.3219   0.06425   0.01366   0.07469  0.008056         0
      1/29     10.8G   0.05172  0.006975         0   0.05869        34       640    0.5863    0.6125    0.6149     0.277    0.0646  0.007285         0
      2/29     10.8G   0.04627  0.005587         0   0.05186        33       640    0.8838    0.7749    0.8432    0.3112   0.05217  0.006531         0
      3/29     10.8G   0.04676  0.003983         0   0.05074        28       640    0.9127    0.8063    0.8729    0.4782   0.05474  0.005747         0
      4/29     10.8G   0.03999  0.003584         0   0.04357        32       640    0.8727    0.7835    0.8887    0.5076   0.05409  0.005204         0
      5/29     10.8G    0.0392  0.002924         0   0.04212        37       640    0.8579    0.8772    0.9192      0.52   0.05567  0.004443         0
      6/29     10.8G   0.03773  0.002732         0   0.04046        36       640    0.9514    0.7804    0.8812    0.5196   0.05428  0.004164         0
      7/29     10.8G   0.03529  0.002694         0   0.03798        22       640    0.9514    0.8376    0.9228    0.5408   0.04977  0.003407         0
      8/29     10.8G   0.03317  0.002491         0   0.03566        25       640    0.9224    0.8801    0.9225    0.5697   0.04737  0.003692         0
      9/29     10.8G   0.03173  0.002538         0   0.03427        45       640    0.9536    0.8803      0.94    0.5906   0.04702  0.003282         0
     10/29     10.8G   0.03121   0.00235         0   0.03356        31       640    0.9163     0.906    0.9379    0.5623   0.04675  0.003322         0
     11/29     10.8G   0.02976  0.002388         0   0.03215        29       640    0.9605    0.9003    0.9431    0.6105   0.04487  0.003183         0
     12/29     10.8G   0.02926  0.002355         0   0.03161        48       640    0.9451    0.9314    0.9506    0.6128    0.0432  0.003176         0
     13/29     10.8G   0.02816   0.00227         0   0.03043        23       640    0.9478    0.8832    0.9239    0.6045    0.0448  0.003184         0
     14/29     10.8G   0.02767  0.002191         0   0.02986        32       640     0.936    0.9174     0.958    0.6093    0.0448  0.003054         0
     15/29     10.8G   0.02734  0.002137         0   0.02948        39       640    0.9543    0.8914    0.9458    0.6121   0.04391  0.003034         0
     16/29     10.8G   0.02634  0.002161         0    0.0285        19       640    0.9339    0.9258    0.9641    0.6311   0.04335  0.002794         0
     17/29     10.8G   0.02603  0.002093         0   0.02812        26       640      0.95    0.9231    0.9572    0.6507   0.04304  0.002786         0
     18/29     10.8G   0.02545  0.002099         0   0.02754        36       640    0.9343    0.9316    0.9709    0.6598   0.04192  0.002634         0
     19/29     10.8G   0.02509  0.002087         0   0.02718        33       640    0.9588    0.9288    0.9707    0.6766   0.04154  0.002702         0
     20/29     10.8G   0.02394  0.002097         0   0.02604        45       640    0.9432    0.9456    0.9735    0.6739   0.04177   0.00275         0
     21/29     10.8G   0.02414  0.002002         0   0.02614        30       640    0.9382    0.9516    0.9741    0.6741   0.04107  0.002723         0
     22/29     10.8G    0.0236  0.002036         0   0.02563        37       640    0.9704    0.9343    0.9769    0.6823   0.04039  0.002739         0
     23/29     10.8G   0.02304  0.001942         0   0.02498        29       640    0.9705    0.9372    0.9791    0.6734   0.04042  0.002765         0
     24/29     10.8G   0.02266  0.001932         0   0.02459        23       640    0.9516    0.9515    0.9834    0.6881   0.04008  0.002625         0
     25/29     10.8G   0.02242  0.001912         0   0.02433        34       640    0.9678     0.943    0.9771    0.6769   0.04021   0.00266         0
     26/29     10.8G   0.02194  0.001916         0   0.02386        31       640    0.9705    0.9373    0.9763    0.6835   0.03971   0.00263         0
     27/29     10.8G   0.02196  0.001948         0   0.02391        31       640    0.9708    0.9487    0.9783    0.6869   0.03992  0.002655         0
     28/29     10.8G   0.02175   0.00194         0   0.02369        40       640    0.9651    0.9487    0.9791    0.6947    0.0398  0.002632         0
     29/29     10.8G   0.02111  0.001897         0     0.023        38       640    0.9678     0.943    0.9806    0.6981   0.03929  0.002623         0
